iQAX =  0; %% quantile and extreme
iQAX = -1; %% extreme
iQAX = +2; %% mean

iQAX = +1; %% quantile   quants = [0 0.01 0.02 0.03 0.04 0.05 0.10 0.25 0.50 0.75 0.9 0.95 0.96 0.97 0.98 0.99 1.00];
iQAX = +3; %% quantile   quants = [0 0.50 0.9 0.95 0.97 1.00];
